-3.388000000000020009e+02 -4.003953137989276001e+03
-3.380000000000030127e+02 -4.004361177378279535e+03
-3.376000000000009891e+02 -4.437743662480268540e+03
-3.371999999999999886e+02 -4.002171657343282277e+03
-3.368000000000020009e+02 -2.323376165126279375e+03
-3.364000000000010004e+02 -7.332648597002880706e+02
-3.360000000000030127e+02 -7.413567342672649829e+02
-3.356000000000009891e+02 -7.339401607712825353e+02
-3.351999999999999886e+02 -7.341945161412913876e+02
-3.348000000000020009e+02 -7.314548320572685043e+02
-3.344000000000010004e+02 -7.316963608272817510e+02
-3.340000000000030127e+02 -2.655808158892650681e+02
-3.336000000000009891e+02 -2.638151760572836793e+02
-3.331999999999999886e+02 -2.606477054192837386e+02
-3.328000000000020009e+02 -2.466958624712751771e+02
-3.324000000000010004e+02 -1.769711629462872224e+02
-3.320000000000030127e+02 -1.756338538262680231e+02
-3.316000000000009891e+02 -1.743829104822689260e+02
-3.311999999999999886e+02 -1.738771537462926062e+02
-3.308000000000020009e+02 -1.731582422342653445e+02
-3.304000000000010004e+02 -1.725226877502900606e+02
-3.300000000000030127e+02 -1.707721836332675593e+02
-3.296000000000009891e+02 -1.699510059572676255e+02
-3.291999999999999886e+02 -1.686236876072689483e+02
-3.288000000000020009e+02 -1.680252372902796196e+02
-3.284000000000010004e+02 -1.670668184792775719e+02
-3.280000000000030127e+02 -1.665455924032758048e+02
-3.276000000000009891e+02 -1.659967205355751503e+02
-3.271999999999999886e+02 -1.654014297909779998e+02
-3.268000000000020009e+02 -1.645680360531732731e+02
-3.264000000000010004e+02 -1.638347753293746791e+02
-3.260000000000030127e+02 -1.631636313876260829e+02
-3.256000000000009891e+02 -1.625175310689337493e+02
-3.251999999999999886e+02 -1.618959512518740667e+02
-3.248000000000020009e+02 -1.611443332921735418e+02
-3.244000000000010004e+02 -1.605795374205808912e+02
-3.240000000000030127e+02 -1.596943953650734329e+02
-3.236000000000009891e+02 -1.591514629225275712e+02
-3.231999999999999886e+02 -1.585284625827298441e+02
-3.228000000000020009e+02 -1.577720146908759489e+02
-3.224000000000010004e+02 -1.572605367783762631e+02
-3.220000000000030127e+02 -1.565871997288231796e+02
-3.216000000000009891e+02 -1.559747360865221708e+02
-3.211999999999999886e+02 -1.553479534175276058e+02
-3.208000000000020009e+02 -1.547036789462290471e+02
-3.204000000000010004e+02 -1.540569651717778470e+02
-3.200000000000030127e+02 -1.535550252576722414e+02
-3.196000000000009891e+02 -1.529291311778797535e+02
-3.191999999999999886e+02 -1.523885395398756373e+02
-3.188000000000020009e+02 -1.517366925996248028e+02
-3.184000000000010004e+02 -1.511763711058738409e+02
-3.180000000000030127e+02 -1.504708951434222399e+02
-3.176000000000009891e+02 -1.499637093072778953e+02
-3.171999999999999886e+02 -1.493595455406320980e+02
-3.168000000000020009e+02 -1.488322575264282932e+02
-3.164000000000010004e+02 -1.482263775182800600e+02
-3.160000000000030127e+02 -1.476727945489801641e+02
-3.156000000000009891e+02 -1.471216538874832622e+02
-3.151999999999999886e+02 -1.466812778609746601e+02
-3.148000000000020009e+02 -1.460749846493272344e+02
-3.144000000000010004e+02 -1.448630781511710666e+02
-3.140000000000030127e+02 -1.442766814112728753e+02
-3.136000000000009891e+02 -1.436932721534722077e+02
-3.131999999999999886e+02 -1.431045457948748663e+02
-3.128000000000020009e+02 -1.425318274134733656e+02
-3.124000000000010004e+02 -1.419619028138731665e+02
-3.120000000000030127e+02 -1.413905680471762025e+02
-3.116000000000009891e+02 -1.408244293472707795e+02
-3.111999999999999886e+02 -1.402601992092713772e+02
-3.108000000000020009e+02 -1.396940446058761154e+02
-3.104000000000010004e+02 -1.391369311039707100e+02
-3.100000000000030127e+02 -1.385783871414714667e+02
-3.096000000000009891e+02 -1.380206227217749984e+02
-3.091999999999999886e+02 -1.374711193240764260e+02
-3.088000000000020009e+02 -1.369228804072736239e+02
-3.084000000000010004e+02 -1.363951459273303044e+02
-3.080000000000030127e+02 -1.358561662441316003e+02
-3.076000000000009891e+02 -1.353052802793317824e+02
-3.071999999999999886e+02 -1.347725564933789428e+02
-3.068000000000020009e+02 -1.342348306639796647e+02
-3.064000000000010004e+02 -1.336959948910298408e+02
-3.060000000000030127e+02 -1.331642015737779730e+02
-3.056000000000009891e+02 -1.326346536495802866e+02
-3.051999999999999886e+02 -1.321030552432821423e+02
-3.048000000000020009e+02 -1.315768625169293955e+02
-3.044000000000010004e+02 -1.310501874469300674e+02
-3.040000000000030127e+02 -1.305282633954302582e+02
-3.036000000000009891e+02 -1.300081240168292425e+02
-3.031999999999999886e+02 -1.294869561809791776e+02
-3.028000000000020009e+02 -1.289705395663768286e+02
-3.024000000000010004e+02 -1.284545844243803003e+02
-3.020000000000030127e+02 -1.279393273991809110e+02
-3.016000000000009891e+02 -1.274290239830770588e+02
-3.011999999999999886e+02 -1.269184437798285217e+02
-3.008000000000020009e+02 -1.264074291876786447e+02
-3.004000000000010004e+02 -1.259024043857825745e+02
-3.000000000000030127e+02 -1.253984580050782824e+02
-2.996000000000009891e+02 -1.248942983400811499e+02
-2.991999999999999886e+02 -1.243924456086278951e+02
-2.988000000000020009e+02 -1.238914115272309573e+02
-2.984000000000010004e+02 -1.233985333961791184e+02
-2.980000000000030127e+02 -1.228995262882272073e+02
-2.976000000000009891e+02 -1.224053009000781458e+02
-2.971999999999999886e+02 -1.219100674040309968e+02
-2.968000000000020009e+02 -1.214205759957767441e+02
-2.964000000000010004e+02 -1.208867086230857240e+02
-2.960000000000030127e+02 -1.204020158846869890e+02
-2.956000000000009891e+02 -1.199069536983843136e+02
-2.951999999999999886e+02 -1.194211782442835101e+02
-2.948000000000020009e+02 -1.189300238291871210e+02
-2.944000000000010004e+02 -1.184512885715848824e+02
-2.940000000000030127e+02 -1.179688293362814875e+02
-2.936000000000009891e+02 -1.174834109902840282e+02
-2.931999999999999886e+02 -1.169996784712820954e+02
-2.928000000000020009e+02 -1.165251317235852184e+02
-2.924000000000010004e+02 -1.160419014049875841e+02
-2.920000000000030127e+02 -1.155688320632871182e+02
-2.916000000000009891e+02 -1.150937888491862395e+02
-2.911999999999999886e+02 -1.146164726772876747e+02
-2.908000000000020009e+02 -1.141457313473838440e+02
-2.904000000000010004e+02 -1.136805267801864829e+02
-2.900000000000030127e+02 -1.132069535948867269e+02
-2.896000000000009891e+02 -1.127377818370841851e+02
-2.891999999999999886e+02 -1.122734960611815040e+02
-2.888000000000020009e+02 -1.118070966772829706e+02
-2.884000000000010004e+02 -1.113416582364843634e+02
-2.880000000000030127e+02 -1.108813610588877054e+02
-2.876000000000009891e+02 -1.104128832346650597e+02
-2.871999999999999886e+02 -1.099527511204141774e+02
-2.868000000000020009e+02 -1.094939790896642080e+02
-2.864000000000010004e+02 -1.090350497066647222e+02
-2.860000000000030127e+02 -1.085845149823617248e+02
-2.856000000000009891e+02 -1.081259180910165014e+02
-2.851999999999999886e+02 -1.076696280010110058e+02
-2.848000000000020009e+02 -1.072154735884614638e+02
-2.844000000000010004e+02 -1.067706141716153070e+02
-2.840000000000030127e+02 -1.063187645818106830e+02
-2.836000000000009891e+02 -1.058679871621134225e+02
-2.831999999999999886e+02 -1.054203081648629450e+02
-2.828000000000020009e+02 -1.049769269300122687e+02
-2.824000000000010004e+02 -1.045318161399154633e+02
-2.820000000000030127e+02 -1.040870877321140142e+02
-2.816000000000009891e+02 -1.036413175975649210e+02
-2.811999999999999886e+02 -1.032012422487132426e+02
-2.808000000000020009e+02 -1.027579190127617039e+02
-2.804000000000010004e+02 -1.023169393618118193e+02
-2.800000000000030127e+02 -1.018771861922105018e+02
-2.796000000000009891e+02 -1.014394596333622758e+02
-2.791999999999999886e+02 -1.010023343527136603e+02
-2.788000000000020009e+02 -1.005653442952643672e+02
-2.784000000000010004e+02 -1.001340775698627112e+02
-2.780000000000030127e+02 -9.969815371661388781e+01
-2.776000000000009891e+02 -9.927234133825913887e+01
-2.771999999999999886e+02 -9.883456104714059620e+01
-2.768000000000020009e+02 -9.840605226933985250e+01
-2.764000000000010004e+02 -9.797087440243922174e+01
-2.760000000000030127e+02 -9.754352938964075292e+01
-2.756000000000009891e+02 -9.711625385783918318e+01
-2.751999999999999886e+02 -9.669286153024222585e+01
-2.748000000000020009e+02 -9.626514108674018644e+01
-2.744000000000010004e+02 -9.583770779794213013e+01
-2.740000000000030127e+02 -9.540938234384157113e+01
-2.736000000000009891e+02 -9.498840805053987424e+01
-2.731999999999999886e+02 -9.456044809444210841e+01
-2.728000000000020009e+02 -9.414352057803989737e+01
-2.724000000000010004e+02 -9.372068932894035242e+01
-2.720000000000030127e+02 -9.329465420284032007e+01
-2.716000000000009891e+02 -9.287999431283969898e+01
-2.711999999999999886e+02 -9.246098178864122019e+01
-2.708000000000020009e+02 -9.204294002144160913e+01
-2.704000000000010004e+02 -9.162535930774174631e+01
-2.700000000000030127e+02 -9.120815723033956601e+01
-2.696000000000009891e+02 -9.079631130734196631e+01
-2.691999999999999886e+02 -9.037900055664067622e+01
-2.688000000000020009e+02 -8.996339098304088111e+01
-2.684000000000010004e+02 -8.954396045746034360e+01
-2.680000000000030127e+02 -8.913173861261384445e+01
-2.676000000000009891e+02 -8.872165263506394695e+01
-2.671999999999999886e+02 -8.830995346456256812e+01
-2.668000000000020009e+02 -8.790338670301207458e+01
-2.664000000000010004e+02 -8.749641659981352859e+01
-2.660000000000030127e+02 -8.708448876471447875e+01
-2.656000000000009891e+02 -8.667691121016468969e+01
-2.651999999999999886e+02 -8.627624530266257352e+01
-2.648000000000020009e+02 -8.587090760621140362e+01
-2.644000000000010004e+02 -8.546258584161478211e+01
-2.640000000000030127e+02 -8.505754499861359363e+01
-2.636000000000009891e+02 -8.465419386611392838e+01
-2.631999999999999886e+02 -8.424846954651366104e+01
-2.628000000000020009e+02 -8.384954681566523504e+01
-2.624000000000010004e+02 -8.344197261836234247e+01
-2.620000000000030127e+02 -8.304186587836375111e+01
-2.616000000000009891e+02 -8.264428429221516126e+01
-2.611999999999999886e+02 -8.224612975736090448e+01
-2.608000000000020009e+02 -8.184645585816542734e+01
-2.604000000000010004e+02 -8.144741528166559874e+01
-2.600000000000030127e+02 -8.105005442416222650e+01
-2.596000000000009891e+02 -8.066119688478283933e+01
-2.591999999999999886e+02 -8.026560490218616906e+01
-2.588000000000020009e+02 -7.986967656518390868e+01
-2.584000000000010004e+02 -7.947367106758247246e+01
-2.580000000000030127e+02 -7.908175569878585520e+01
-2.576000000000009891e+02 -7.869254382798317238e+01
-2.571999999999999886e+02 -7.829376461528227082e+01
-2.568000000000020009e+02 -7.790413669638292049e+01
-2.564000000000010004e+02 -7.751041792908290518e+01
-2.560000000000030127e+02 -7.712226220978482161e+01
-2.556000000000009891e+02 -7.673033414978635847e+01
-2.551999999999999886e+02 -7.634221594188420568e+01
-2.548000000000020009e+02 -7.595208914698378067e+01
-2.544000000000010004e+02 -7.556411062138431589e+01
-2.540000000000030127e+02 -7.517033649758741376e+01
-2.536000000000009891e+02 -7.478844953198495205e+01
-2.531999999999999886e+02 -7.439532327798588085e+01
-2.528000000000020009e+02 -7.400858312688433216e+01
-2.524000000000010004e+02 -7.362744829418443260e+01
-2.520000000000030127e+02 -7.324136549518516404e+01
-2.516000000000009891e+02 -7.285430500698566902e+01
-2.511999999999999886e+02 -7.246875851418371894e+01
-2.508000000000020009e+02 -7.208384180968641886e+01
-2.504000000000010004e+02 -7.170198540758428862e+01
-2.500000000000030127e+02 -7.131834809578504064e+01
-2.496000000000009891e+02 -7.093722486558544915e+01
-2.491999999999999886e+02 -7.055098155138330185e+01
-2.488000000000020009e+02 -7.016637106303460314e+01
-2.484000000000010004e+02 -6.978678322083942476e+01
-2.480000000000030127e+02 -6.941217820198289701e+01
-2.476000000000009891e+02 -6.903458923153448268e+01
-2.471999999999999886e+02 -6.865985188493868918e+01
-2.468000000000020009e+02 -6.828106570753516280e+01
-2.464000000000010004e+02 -6.790232810463567148e+01
-2.460000000000030127e+02 -6.752906912843536702e+01
-2.456000000000009891e+02 -6.715255044778677984e+01
-2.451999999999999886e+02 -6.678191089788379031e+01
-2.448000000000020009e+02 -6.640827760373576893e+01
-2.444000000000010004e+02 -6.603364378683545510e+01
-2.440000000000030127e+02 -6.566056171528543928e+01
-2.436000000000009891e+02 -6.529000734283545171e+01
-2.431999999999999886e+02 -6.491618027758522658e+01
-2.428000000000020009e+02 -6.454388706063400605e+01
-2.424000000000010004e+02 -6.417718618998696911e+01
-2.420000000000030127e+02 -6.380375651508438750e+01
-2.416000000000009891e+02 -6.343630580693206866e+01
-2.411999999999999886e+02 -6.306536552508623572e+01
-2.408000000000020009e+02 -6.270161640138394432e+01
-2.404000000000010004e+02 -6.232633522918695235e+01
-2.400000000000030127e+02 -6.196597409278547275e+01
-2.396000000000009891e+02 -6.159100667898746906e+01
-2.391999999999999886e+02 -6.122352562928790576e+01
-2.388000000000020009e+02 -6.085645090958496439e+01
-2.384000000000010004e+02 -6.048890237718660501e+01
-2.380000000000030127e+02 -6.013005779798550066e+01
-2.376000000000009891e+02 -5.976057282518740976e+01
-2.371999999999999886e+02 -5.939769786608667346e+01
-2.368000000000020009e+02 -5.902998529128672089e+01
-2.364000000000010004e+02 -5.866218256368665607e+01
-2.360000000000030127e+02 -5.830517150338710053e+01
-2.356000000000009891e+02 -5.793977391128646559e+01
-2.351999999999999886e+02 -5.758058609588624677e+01
-2.348000000000020009e+02 -5.721019286038790597e+01
-2.344000000000010004e+02 -5.685125241958667175e+01
-2.340000000000030127e+02 -5.649271940628750599e+01
-2.336000000000009891e+02 -5.612561759918753523e+01
-2.331999999999999886e+02 -5.577025323508496513e+01
-2.328000000000020009e+02 -5.540686907358758617e+01
-2.324000000000010004e+02 -5.504988837788550882e+01
-2.320000000000030127e+02 -5.468762839908595197e+01
-2.316000000000009891e+02 -5.432646807378841913e+01
-2.311999999999999886e+02 -5.397034358558812528e+01
-2.308000000000020009e+02 -5.361191656428854913e+01
-2.304000000000010004e+02 -5.325313698788522743e+01
-2.300000000000030127e+02 -5.290413608088783803e+01
-2.296000000000009891e+02 -5.254820035593729699e+01
-2.291999999999999886e+02 -5.218968338463673717e+01
-2.288000000000020009e+02 -5.183293610333566903e+01
-2.284000000000010004e+02 -5.147687492003387888e+01
-2.280000000000030127e+02 -5.112494469113516971e+01
-2.276000000000009891e+02 -5.076787330103616114e+01
-2.271999999999999886e+02 -5.041357542158584693e+01
-2.268000000000020009e+02 -5.006140243378831656e+01
-2.264000000000010004e+02 -4.970627384528415860e+01
-2.260000000000030127e+02 -4.935527432373419288e+01
-2.256000000000009891e+02 -4.900175464923449908e+01
-2.251999999999999886e+02 -4.864739891233693925e+01
-2.248000000000020009e+02 -4.829803463193456992e+01
-2.244000000000010004e+02 -4.794835521423738101e+01
-2.240000000000030127e+02 -4.759186017233514576e+01
-2.236000000000009891e+02 -4.724337103343714261e+01
-2.231999999999999886e+02 -4.689104214413600857e+01
-2.228000000000020009e+02 -4.654288499913673149e+01
-2.224000000000010004e+02 -4.619182718293814105e+01
-2.220000000000030127e+02 -4.584223649833802483e+01
-2.216000000000009891e+02 -4.548806407478696201e+01
-2.211999999999999886e+02 -4.514089104738741298e+01
-2.208000000000020009e+02 -4.479555573498510057e+01
-2.204000000000010004e+02 -4.444914714818514767e+01
-2.200000000000030127e+02 -4.409762009318728815e+01
-2.196000000000009891e+02 -4.375287848328662221e+01
-2.191999999999999886e+02 -4.340388518808686058e+01
-2.188000000000020009e+02 -4.305709072978424956e+01
-2.184000000000010004e+02 -4.271660064618481556e+01
-2.180000000000030127e+02 -4.236504631538628018e+01
-2.176000000000009891e+02 -4.202183224508553394e+01
-2.171999999999999886e+02 -4.167781863408526988e+01
-2.168000000000020009e+02 -4.132972769188563689e+01
-2.164000000000010004e+02 -4.098708940448705107e+01
-2.160000000000030127e+02 -4.064314608918721206e+01
-2.156000000000009891e+02 -4.029995507108469610e+01
-2.151999999999999886e+02 -3.995542628258408513e+01
-2.148000000000020009e+02 -3.961446198258636286e+01
-2.144000000000010004e+02 -3.927073129758719006e+01
-2.140000000000030127e+02 -3.892529150768677937e+01
-2.136000000000009891e+02 -3.858656939908541972e+01
-2.131999999999999886e+02 -3.824507822688610759e+01
-2.128000000000020009e+02 -3.790159059338475345e+01
-2.124000000000010004e+02 -3.755862746228740434e+01
-2.120000000000030127e+02 -3.721688902418463840e+01
-2.116000000000009891e+02 -3.687681967988464748e+01
-2.111999999999999886e+02 -3.654621659643817111e+01
-2.108000000000020009e+02 -3.620305718033705489e+01
-2.104000000000010004e+02 -3.586328050173688098e+01
-2.100000000000030127e+02 -3.552382187313560280e+01
-2.096000000000009891e+02 -3.517779897748914664e+01
-2.091999999999999886e+02 -3.483843897908445797e+01
-2.088000000000020009e+02 -3.450006313813719316e+01
-2.084000000000010004e+02 -3.415909529033888248e+01
-2.080000000000030127e+02 -3.381959910663499613e+01
-2.076000000000009891e+02 -3.348071008513579727e+01
-2.071999999999999886e+02 -3.314252947663408122e+01
-2.068000000000020009e+02 -3.280390288103444618e+01
-2.064000000000010004e+02 -3.246444493623494054e+01
-2.060000000000030127e+02 -3.212982670648489147e+01
-2.056000000000009891e+02 -3.179196641498492681e+01
-2.051999999999999886e+02 -3.145414729028925649e+01
-2.048000000000020009e+02 -3.111379150328502874e+01
-2.044000000000010004e+02 -3.077850190538811148e+01
-2.040000000000030127e+02 -3.044008399648737395e+01
-2.036000000000009891e+02 -3.010576229253638303e+01
-2.031999999999999886e+02 -2.976567938218431664e+01
-2.028000000000020009e+02 -2.942822470963801607e+01
-2.024000000000010004e+02 -2.909515511753488681e+01
-2.020000000000030127e+02 -2.875561624718829989e+01
-2.016000000000009891e+02 -2.842237258708701120e+01
-2.011999999999999886e+02 -2.808831786088921945e+01
-2.008000000000020009e+02 -2.775468027798706316e+01
-2.004000000000010004e+02 -2.741662453698882018e+01
-2.000000000000030127e+02 -2.708377114978793543e+01
-1.996000000000009891e+02 -2.675255501458741492e+01
-1.991999999999999886e+02 -2.641852089238818735e+01
-1.988000000000020009e+02 -2.608193257608581916e+01
-1.984000000000010004e+02 -2.574867585128595238e+01
-1.980000000000030127e+02 -2.541770034028741065e+01
-1.976000000000009891e+02 -2.508459452338865958e+01
-1.971999999999999886e+02 -2.474807743378914893e+01
-1.968000000000020009e+02 -2.442186797628892236e+01
-1.964000000000010004e+02 -2.408411610828625271e+01
-1.960000000000030127e+02 -2.375878364948584931e+01
-1.956000000000009891e+02 -2.342854007058849675e+01
-1.951999999999999886e+02 -2.309280052698886720e+01
-1.948000000000020009e+02 -2.276499443358625285e+01
-1.944000000000010004e+02 -2.244248636128759244e+01
-1.940000000000030127e+02 -2.210358960938901873e+01
-1.936000000000009891e+02 -2.177908828778890893e+01
-1.931999999999999886e+02 -2.144893662018876057e+01
-1.928000000000020009e+02 -2.111536500268630334e+01
-1.924000000000010004e+02 -2.078997814468675642e+01
-1.920000000000030127e+02 -2.046430655928634224e+01
-1.916000000000009891e+02 -2.011844272823873325e+01
-1.911999999999999886e+02 -1.979318738113579457e+01
-1.908000000000020009e+02 -1.946650357448743307e+01
-1.904000000000010004e+02 -1.913929831148561789e+01
-1.900000000000030127e+02 -1.881275627478680690e+01
-1.896000000000009891e+02 -1.848509025308521814e+01
-1.891999999999999886e+02 -1.816408945568764466e+01
-1.888000000000020009e+02 -1.783606347288514371e+01
-1.884000000000010004e+02 -1.751272151523517095e+01
-1.880000000000030127e+02 -1.718552112023826339e+01
-1.876000000000009891e+02 -1.686316256768623134e+01
-1.871999999999999886e+02 -1.653754281248620828e+01
-1.868000000000020009e+02 -1.621235062213600031e+01
-1.864000000000010004e+02 -1.588884468613468925e+01
-1.860000000000030127e+02 -1.556357815688897972e+01
-1.856000000000009891e+02 -1.523988789873328642e+01
-1.851999999999999886e+02 -1.491664381653754390e+01
-1.848000000000020009e+02 -1.459454812473632046e+01
-1.844000000000010004e+02 -1.427395557058844133e+01
-1.840000000000030127e+02 -1.395020351258790470e+01
-1.836000000000009891e+02 -1.362793322198922397e+01
-1.831999999999999886e+02 -1.330497750748691033e+01
-1.828000000000020009e+02 -1.299941466478412622e+01
-1.824000000000010004e+02 -1.267774538358571590e+01
-1.820000000000030127e+02 -1.235660555168578867e+01
-1.816000000000009891e+02 -1.203875518308632309e+01
-1.811999999999999886e+02 -1.171601460548481555e+01
-1.808000000000020009e+02 -1.140107239628559910e+01
-1.804000000000010004e+02 -1.108111390618796577e+01
-1.800000000000030127e+02 -1.076301617998615257e+01
-1.796000000000009891e+02 -1.044382240518825711e+01
-1.791999999999999886e+02 -1.012835230198470526e+01
-1.788000000000020009e+02 -9.805280558386584744e+00
-1.784000000000010004e+02 -9.485318863688007696e+00
-1.780000000000030127e+02 -9.172218847084877780e+00
-1.776000000000009891e+02 -8.856003815286385361e+00
-1.771999999999999886e+02 -8.536678933083749143e+00
-1.768000000000020009e+02 -8.216534881885309005e+00
-1.764000000000010004e+02 -7.903337046187516535e+00
-1.760000000000030127e+02 -7.587727863487089053e+00
-1.756000000000009891e+02 -7.272528305486048339e+00
-1.751999999999999886e+02 -6.953414059684291715e+00
-1.748000000000020009e+02 -6.639131833486317191e+00
-1.744000000000010004e+02 -6.324325524084997596e+00
-1.740000000000030127e+02 -6.006288392487476813e+00
-1.736000000000009891e+02 -5.693426325986365555e+00
-1.731999999999999886e+02 -5.380968132583802799e+00
-1.728000000000020009e+02 -5.062953306387498742e+00
-1.724000000000010004e+02 -4.740748790711222682e+00
-1.720000000000030127e+02 -4.424971679360169219e+00
-1.716000000000009891e+02 -4.111740978813031688e+00
-1.711999999999999886e+02 -3.799799481712398119e+00
-1.708000000000020009e+02 -3.486817412511300063e+00
-1.704000000000010004e+02 -3.174927733762160642e+00
-1.700000000000030127e+02 -2.864186238712136401e+00
-1.696000000000009891e+02 -2.551705365560337668e+00
-1.691999999999999886e+02 -2.238013748563389527e+00
-1.688000000000020009e+02 -1.927931574911781354e+00
-1.684000000000010004e+02 -1.616217104008683236e+00
-1.680000000000030127e+02 -1.303916910561383702e+00
-1.676000000000009891e+02 -9.929874676636245567e-01
-1.671999999999999886e+02 -6.824207400095474441e-01
-1.668000000000020009e+02 -3.694258303112292197e-01
-1.664000000000010004e+02 -5.894324805922224186e-02
-1.660000000000030127e+02 2.507371091887762304e-01
-1.656000000000009891e+02 5.616328447904379573e-01
-1.651999999999999886e+02 8.694806240418984089e-01
-1.648000000000020009e+02 1.182058628390223021e+00
-1.644000000000010004e+02 1.490670728835539194e+00
-1.640000000000030127e+02 1.799978801689576358e+00
-1.636000000000009891e+02 2.104138690563559067e+00
-1.631999999999999886e+02 2.412250582961860346e+00
-1.628000000000020009e+02 2.724069690764736151e+00
-1.624000000000010004e+02 3.032748674762842711e+00
-1.620000000000030127e+02 3.339363447663345141e+00
-1.616000000000009891e+02 3.650052325061551528e+00
-1.611999999999999886e+02 3.955399121365189785e+00
-1.608000000000020009e+02 4.265043429764773464e+00
-1.604000000000010004e+02 4.570569371560850414e+00
-1.600000000000030127e+02 4.875874942565133097e+00
-1.596000000000009891e+02 5.188253799962694757e+00
-1.591999999999999886e+02 5.494007051562221022e+00
-1.588000000000020009e+02 5.798217000261502108e+00
-1.584000000000010004e+02 6.106525806862919126e+00
-1.580000000000030127e+02 6.415268032262247289e+00
-1.576000000000009891e+02 6.716838213065784657e+00
-1.571999999999999886e+02 7.022232474562770221e+00
-1.568000000000020009e+02 7.327921496864291839e+00
-1.564000000000010004e+02 7.634399769365700195e+00
-1.560000000000030127e+02 7.942019765661825659e+00
-1.556000000000009891e+02 8.243547921363642672e+00
-1.551999999999999886e+02 8.547930603865097510e+00
-1.548000000000020009e+02 8.854146151563327294e+00
-1.544000000000010004e+02 9.156836552563618170e+00
-1.540000000000030127e+02 9.457556710363860475e+00
-1.536000000000009891e+02 9.762187242664367659e+00
-1.531999999999999886e+02 1.006911486821263679e+01
-1.528000000000020009e+02 1.037362620141357183e+01
-1.524000000000010004e+02 1.067148566566538648e+01
-1.520000000000030127e+02 1.097629883686386165e+01
-1.516000000000009891e+02 1.127743970976371202e+01
-1.511999999999999886e+02 1.158054256031391560e+01
-1.508000000000020009e+02 1.188270178681341349e+01
-1.504000000000010004e+02 1.218137903236129205e+01
-1.500000000000030127e+02 1.248353521971148439e+01
-1.496000000000009891e+02 1.278477420266062836e+01
-1.491999999999999886e+02 1.308442497836585972e+01
-1.488000000000020009e+02 1.338226844801465631e+01
-1.484000000000010004e+02 1.368384127746321610e+01
-1.480000000000030127e+02 1.398236094576350297e+01
-1.476000000000009891e+02 1.428401006136118667e+01
-1.471999999999999886e+02 1.458033884456381202e+01
-1.468000000000020009e+02 1.488070645786501700e+01
-1.464000000000010004e+02 1.517881764141566237e+01
-1.460000000000030127e+02 1.547592420801447588e+01
-1.456000000000009891e+02 1.577536459426119109e+01
-1.451999999999999886e+02 1.607290551891492214e+01
-1.448000000000020009e+02 1.637009315061368397e+01
-1.444000000000010004e+02 1.666033131026415504e+01
-1.440000000000030127e+02 1.695663768466329202e+01
-1.436000000000009891e+02 1.725268078516455716e+01
-1.431999999999999886e+02 1.754952106256314437e+01
-1.428000000000020009e+02 1.784376175996294478e+01
-1.424000000000010004e+02 1.814256399476289516e+01
-1.420000000000030127e+02 1.843447123866280890e+01
-1.416000000000009891e+02 1.873001150516574853e+01
-1.411999999999999886e+02 1.902384244946370018e+01
-1.408000000000020009e+02 1.932269298756364151e+01
-1.404000000000010004e+02 1.961335913536095177e+01
-1.400000000000030127e+02 1.990865524296168587e+01
-1.396000000000009891e+02 2.020267101316494518e+01
-1.391999999999999886e+02 2.049317703046472161e+01
-1.388000000000020009e+02 2.078693032986120670e+01
-1.384000000000010004e+02 2.107853234766298556e+01
-1.380000000000030127e+02 2.137230039856149233e+01
-1.376000000000009891e+02 2.166375302066080621e+01
-1.371999999999999886e+02 2.195638880066326237e+01
-1.368000000000020009e+02 2.224795827746493160e+01
-1.364000000000010004e+02 2.253955269706420950e+01
-1.360000000000030127e+02 2.283050165246459073e+01
-1.356000000000009891e+02 2.312132778636078001e+01
-1.351999999999999886e+02 2.340953982356222696e+01
-1.348000000000020009e+02 2.370268180036146077e+01
-1.344000000000010004e+02 2.399281446516397409e+01
-1.340000000000030127e+02 2.425865963774049305e+01
-1.336000000000009891e+02 2.455168429833793198e+01
-1.331999999999999886e+02 2.484517558214065502e+01
-1.328000000000020009e+02 2.513763316184122232e+01
-1.324000000000010004e+02 2.542903782003850210e+01
-1.320000000000030127e+02 2.571993285928692785e+01
-1.316000000000009891e+02 2.601382891293906141e+01
-1.311999999999999886e+02 2.630454267883760622e+01
-1.308000000000020009e+02 2.659610021953631076e+01
-1.304000000000010004e+02 2.688661358768877108e+01
-1.300000000000030127e+02 2.717551062388884020e+01
-1.296000000000009891e+02 2.746631013823935064e+01
-1.291999999999999886e+02 2.775595077978869085e+01
-1.288000000000020009e+02 2.804666368773905560e+01
-1.284000000000010004e+02 2.833450417178755742e+01
-1.280000000000030127e+02 2.862428050938979140e+01
-1.276000000000010033e+02 2.891313951988922781e+01
-1.272000000000000028e+02 2.920168706893673516e+01
-1.268000000000020009e+02 2.948926655963805388e+01
-1.264000000000010004e+02 2.977871312229035539e+01
-1.260000000000029985e+02 3.006658945383605896e+01
-1.256000000000010033e+02 3.035274271839080029e+01
-1.252000000000000028e+02 3.066629622631080565e+01
-1.248000000000020009e+02 3.095502215661326773e+01
-1.244000000000010004e+02 3.124429073661303846e+01
-1.240000000000029985e+02 3.153245878251254908e+01
-1.236000000000010033e+02 3.182209853131280397e+01
-1.232000000000000028e+02 3.210730047951437882e+01
-1.228000000000020009e+02 3.239723905101345736e+01
-1.224000000000010004e+02 3.268307797491070232e+01
-1.220000000000029985e+02 3.296860307331371587e+01
-1.216000000000010033e+02 3.325474633531484869e+01
-1.212000000000000028e+02 3.354101394111421541e+01
-1.208000000000020009e+02 3.382889884201358655e+01
-1.204000000000010004e+02 3.411171647201263113e+01
-1.200000000000029985e+02 3.439911298411243479e+01
-1.196000000000010033e+02 3.468273121171296225e+01
-1.192000000000000028e+02 3.496663435171285528e+01
-1.188000000000020009e+02 3.525339013371194596e+01
-1.184000000000010004e+02 3.553253057871552301e+01
-1.180000000000029985e+02 3.581693100671327556e+01
-1.176000000000010033e+02 3.609751661751215579e+01
-1.172000000000000028e+02 3.638122935851060902e+01
-1.168000000000020009e+02 3.665938730451307492e+01
-1.164000000000010004e+02 3.694014076391249546e+01
-1.160000000000029985e+02 3.722324080021280679e+01
-1.156000000000010033e+02 3.750462865301233251e+01
-1.152000000000000028e+02 3.780333933888687170e+01
-1.148000000000020009e+02 3.808122147808899172e+01
-1.144000000000010004e+02 3.836072684633836616e+01
-1.140000000000029985e+02 3.863544642018678132e+01
-1.136000000000010033e+02 3.891292626703943824e+01
-1.132000000000000028e+02 3.918941975073903450e+01
-1.128000000000020009e+02 3.946429659253772115e+01
-1.124000000000010004e+02 3.973834506419007084e+01
-1.120000000000029985e+02 4.001355781018719426e+01
-1.116000000000010033e+02 4.028655543098648195e+01
-1.112000000000000028e+02 4.056191984243560000e+01
-1.108000000000020009e+02 4.083466637403762434e+01
-1.104000000000010004e+02 4.110852010693997727e+01
-1.100000000000029985e+02 4.138046994623800856e+01
-1.096000000000010033e+02 4.165157057858596090e+01
-1.092000000000000028e+02 4.192364969508707873e+01
-1.088000000000020009e+02 4.219236844963597832e+01
-1.084000000000010004e+02 4.246436380994055071e+01
-1.080000000000029985e+02 4.273288834698541905e+01
-1.076000000000010033e+02 4.300408845644051326e+01
-1.072000000000000028e+02 4.327128138493571896e+01
-1.068000000000020009e+02 4.353909911288792500e+01
-1.064000000000010004e+02 4.380530030503723538e+01
-1.060000000000029985e+02 4.404795861436286941e+01
-1.056000000000010033e+02 4.431149522466148483e+01
-1.052000000000000028e+02 4.457744760185960331e+01
-1.048000000000020009e+02 4.484145828926193644e+01
-1.044000000000010004e+02 4.510169829936421593e+01
-1.040000000000029985e+02 4.536781176696240436e+01
-1.036000000000010033e+02 4.562855297886198969e+01
-1.032000000000000028e+02 4.588797947346392903e+01
-1.028000000000020009e+02 4.615047514346224489e+01
-1.024000000000010004e+02 4.640966482976000407e+01
-1.020000000000029985e+02 4.667113507026442676e+01
-1.016000000000010033e+02 4.692973958386210143e+01
-1.012000000000000028e+02 4.718391459646227304e+01
-1.008000000000020009e+02 4.744273760446230881e+01
-1.004000000000010004e+02 4.769949813105995418e+01
-1.000000000000029985e+02 4.795488332936292863e+01
-9.960000000000150067e+01 4.820908432196301874e+01
-9.920000000000000284e+01 4.846647165806280100e+01
-9.880000000000219984e+01 4.872228790306326118e+01
-9.840000000000070202e+01 4.897527914386228076e+01
-9.800000000000289901e+01 4.922801455776425428e+01
-9.760000000000150067e+01 4.947896916046374827e+01
-9.720000000000000284e+01 4.973132845766303944e+01
-9.680000000000219984e+01 4.997651760216467665e+01
-9.640000000000070202e+01 5.022925604486226803e+01
-9.600000000000289901e+01 5.048026081136413268e+01
-9.560000000000150067e+01 5.072185464673748356e+01
-9.520000000000000284e+01 5.096909949593828060e+01
-9.480000000000219984e+01 5.121698380493762670e+01
-9.440000000000070202e+01 5.146332774463735404e+01
-9.400000000000289901e+01 5.171144580623877118e+01
-9.360000000000150067e+01 5.195462020808554371e+01
-9.320000000000000284e+01 5.219901824333646800e+01
-9.280000000000219984e+01 5.244255876478928258e+01
-9.240000000000070202e+01 5.268177837203620584e+01
-9.200000000000289901e+01 5.292496309193666093e+01
-9.160000000000150067e+01 5.316565229194020503e+01
-9.120000000000000284e+01 5.340581656908761943e+01
-9.080000000000219984e+01 5.364396348598893383e+01
-9.040000000000070202e+01 5.388268970503850142e+01
-9.000000000000289901e+01 5.411688832543586614e+01
-8.960000000000150067e+01 5.435477481963971513e+01
-8.920000000000000284e+01 5.459178325973698520e+01
-8.880000000000219984e+01 5.482603295378794428e+01
-8.840000000000070202e+01 5.505952171763783554e+01
-8.800000000000289901e+01 5.528901288868655683e+01
-8.760000000000150067e+01 5.552314991303865099e+01
-8.720000000000000284e+01 5.575211456138640642e+01
-8.680000000000219984e+01 5.597888833781325957e+01
-8.640000000000070202e+01 5.620469733831123449e+01
-8.600000000000289901e+01 5.643160592281128629e+01
-8.560000000000150067e+01 5.665511282681109151e+01
-8.520000000000000284e+01 5.687813113821175648e+01
-8.480000000000219984e+01 5.710276901541146799e+01
-8.440000000000070202e+01 5.732222690551134292e+01
-8.400000000000289901e+01 5.754405201841291273e+01
-8.360000000000150067e+01 5.776406902461167192e+01
-8.320000000000000284e+01 5.798184376901190262e+01
-8.280000000000219984e+01 5.819591135151131311e+01
-8.240000000000070202e+01 5.841318091591165285e+01
-8.200000000000289901e+01 5.862918249281210592e+01
-8.160000000000150067e+01 5.884165158071118640e+01
-8.120000000000000284e+01 5.905269520641377312e+01
-8.080000000000219984e+01 5.926039299771218793e+01
-8.040000000000070202e+01 5.946936848471159465e+01
-8.000000000000289901e+01 5.967657789531222079e+01
-7.960000000000150067e+01 5.988098390501181711e+01
-7.920000000000000284e+01 6.008482441871092306e+01
-7.880000000000219984e+01 6.028842504581189132e+01
-7.840000000000070202e+01 6.049155937971227104e+01
-7.800000000000289901e+01 6.069353094281177619e+01
-7.760000000000150067e+01 6.089407995151123032e+01
-7.720000000000000284e+01 6.109268694721322390e+01
-7.680000000000219984e+01 6.128627257311381982e+01
-7.640000000000070202e+01 6.149076799743852462e+01
-7.600000000000289901e+01 6.168400775088593946e+01
-7.560000000000150067e+01 6.187295516133963247e+01
-7.520000000000000284e+01 6.206047840893734246e+01
-7.480000000000219984e+01 6.224551504273767932e+01
-7.440000000000070202e+01 6.243232426558824955e+01
-7.400000000000289901e+01 6.261459593758627307e+01
-7.360000000000150067e+01 6.279819112643963308e+01
-7.320000000000000284e+01 6.297942176863944042e+01
-7.280000000000219984e+01 6.315791624438497820e+01
-7.240000000000070202e+01 6.333661335423676064e+01
-7.200000000000289901e+01 6.351205642083732528e+01
-7.160000000000150067e+01 6.368514932948528440e+01
-7.120000000000000284e+01 6.385763681764001376e+01
-7.080000000000219984e+01 6.402797653353991336e+01
-7.040000000000070202e+01 6.419844055953581119e+01
-7.000000000000289901e+01 6.436496167483710451e+01
-6.960000000000150067e+01 6.452983052178751677e+01
-6.920000000000000284e+01 6.469296505109014106e+01
-6.880000000000219984e+01 6.485486773033699137e+01
-6.840000000000070202e+01 6.501308915238769259e+01
-6.800000000000289901e+01 6.516865157138818176e+01
-6.760000000000150067e+01 6.532071895006447448e+01
-6.720000000000000284e+01 6.547396184846365941e+01
-6.680000000000219984e+01 6.562485430546439602e+01
-6.640000000000070202e+01 6.577170312356247450e+01
-6.600000000000289901e+01 6.591995725736342138e+01
-6.560000000000150067e+01 6.606503761956264498e+01
-6.520000000000000284e+01 6.620835636576157412e+01
-6.480000000000219984e+01 6.634731038976315176e+01
-6.440000000000070202e+01 6.648752906116351369e+01
-6.400000000000289901e+01 6.662321004956538673e+01
-6.360000000000150067e+01 6.675810833036302938e+01
-6.320000000000000284e+01 6.688997080526314676e+01
-6.280000000000219984e+01 6.702275299406392151e+01
-6.240000000000070202e+01 6.714981870346309734e+01
-6.200000000000289901e+01 6.727634174746344797e+01
-6.160000000000150067e+01 6.739979124166347901e+01
-6.120000000000000284e+01 6.752070230046592769e+01
-6.080000000000219984e+01 6.764207595986590604e+01
-6.040000000000070202e+01 6.775973375046305591e+01
-6.000000000000289901e+01 6.787060662996373139e+01
-5.960000000000150067e+01 6.798566830716299592e+01
-5.920000000000000284e+01 6.809591303706474719e+01
-5.880000000000219984e+01 6.820605474386320566e+01
-5.840000000000070202e+01 6.830923587376310024e+01
-5.800000000000289901e+01 6.841048634006074280e+01
-5.760000000000150067e+01 6.851156070516299224e+01
-5.720000000000000284e+01 6.859490503341294243e+01
-5.680000000000219984e+01 6.869219297321251361e+01
-5.640000000000070202e+01 6.878233210526377661e+01
-5.600000000000289901e+01 6.887341560206186841e+01
-5.560000000000150067e+01 6.895956589786146651e+01
-5.520000000000000284e+01 6.904265111451240955e+01
-5.480000000000219984e+01 6.912581089716331917e+01
-5.440000000000070202e+01 6.920281346296542324e+01
-5.400000000000289901e+01 6.927884086446283618e+01
-5.360000000000150067e+01 6.935018855541420635e+01
-5.320000000000000284e+01 6.941849725026622764e+01
-5.280000000000219984e+01 6.948529912176309153e+01
-5.240000000000070202e+01 6.954889229886248359e+01
-5.200000000000289901e+01 6.960772429176358855e+01
-5.160000000000150067e+01 6.966597623351481161e+01
-5.120000000000000284e+01 6.972010066896109493e+01
-5.080000000000219984e+01 6.976935773331206292e+01
-5.040000000000070202e+01 6.981531150476439507e+01
-5.000000000000289901e+01 6.985959450101290713e+01
-4.960000000000150067e+01 6.989858004751658882e+01
-4.920000000000000284e+01 6.993736683961105882e+01
-4.880000000000219984e+01 6.996899985651543830e+01
-4.840000000000070202e+01 7.001093549346478540e+01
-4.800000000000289901e+01 7.003849770596207236e+01
-4.760000000000150067e+01 7.006246663756246562e+01
-4.720000000000000284e+01 7.008100449816629407e+01
-4.680000000000219984e+01 7.009854141296455055e+01
-4.640000000000070202e+01 7.011124280896547134e+01
-4.600000000000289901e+01 7.011845812046158244e+01
-4.560000000000150067e+01 7.012489594146245508e+01
-4.520000000000000284e+01 7.012371853346485295e+01
-4.480000000000219984e+01 7.011583865256397985e+01
-4.440000000000070202e+01 7.011193781276597292e+01
-4.400000000000289901e+01 7.010126864526318968e+01
-4.360000000000150067e+01 7.008225078746545478e+01
-4.320000000000000284e+01 7.005984978156266152e+01
-4.280000000000219984e+01 7.003821208156296052e+01
-4.240000000000070202e+01 7.000757817886551493e+01
-4.200000000000289901e+01 6.997482063146526343e+01
-4.160000000000150067e+01 6.993568611116279499e+01
-4.120000000000000284e+01 6.989233050786424428e+01
-4.080000000000219984e+01 6.984451171516411705e+01
-4.040000000000070202e+01 6.979205635046309908e+01
-4.000000000000289901e+01 6.973540496586429072e+01
-3.960000000000150067e+01 6.967062117106615915e+01
-3.920000000000000284e+01 6.960470226326287957e+01
-3.880000000000219984e+01 6.953097306256313459e+01
-3.840000000000070202e+01 6.945480345996111282e+01
-3.800000000000289901e+01 6.936566126966499723e+01
-3.760000000000150067e+01 6.927984954196654144e+01
-3.720000000000000284e+01 6.918749527521504206e+01
-3.680000000000219984e+01 6.909043143756207428e+01
-3.640000000000070202e+01 6.898726340676148538e+01
-3.600000000000289901e+01 6.887913980451412499e+01
-3.560000000000150067e+01 6.876431846101331757e+01
-3.520000000000000284e+01 6.864444685226408183e+01
-3.480000000000219984e+01 6.851742584056410124e+01
-3.440000000000070202e+01 6.838572175721128588e+01
-3.400000000000289901e+01 6.824872778666394879e+01
-3.360000000000150067e+01 6.810252288241463248e+01
-3.320000000000000284e+01 6.795226730296053574e+01
-3.280000000000219984e+01 6.779556944291471154e+01
-3.240000000000070202e+01 6.763014838521485217e+01
-3.200000000000289901e+01 6.746231093161259196e+01
-3.160000000000150067e+01 6.728509913186280755e+01
-3.119999999999999929e+01 6.710029215371105238e+01
-3.080000000000219984e+01 6.690656105501329876e+01
-3.040000000000069846e+01 6.671140576691323076e+01
-3.000000000000289901e+01 6.650704072886219365e+01
-2.960000000000150067e+01 6.629291616611226345e+01
-2.919999999999999929e+01 6.608473431246238761e+01
-2.880000000000219984e+01 6.586036300306295743e+01
-2.840000000000069846e+01 6.562220729056207347e+01
-2.800000000000289901e+01 6.537939997606372344e+01
-2.760000000000150067e+01 6.512703339196377783e+01
-2.719999999999999929e+01 6.486823845296385116e+01
-2.680000000000219984e+01 6.460519883936285623e+01
-2.640000000000069846e+01 6.432764180486265104e+01
-2.600000000000289901e+01 6.404138045756189968e+01
-2.560000000000150067e+01 6.374636346706392942e+01
-2.519999999999999929e+01 6.344171239106435678e+01
-2.480000000000219984e+01 6.313081944266377832e+01
-2.440000000000069846e+01 6.281108423006298835e+01
-2.400000000000289901e+01 6.247627088526132866e+01
-2.360000000000150067e+01 6.213176855236451956e+01
-2.319999999999999929e+01 6.177801443186399410e+01
-2.280000000000219984e+01 6.141590915736378520e+01
-2.240000000000069846e+01 6.103911090796100325e+01
-2.200000000000289901e+01 6.065564433386316523e+01
-2.160000000000150067e+01 6.025743680686355219e+01
-2.119999999999999929e+01 5.984496131496052840e+01
-2.080000000000219984e+01 5.942341124386075535e+01
-2.040000000000069846e+01 5.898571806266045314e+01
-2.000000000000289901e+01 5.854057222796473070e+01
-1.960000000000150067e+01 5.807894476016372209e+01
-1.919999999999999929e+01 5.763204873713038978e+01
-1.880000000000219984e+01 5.714291943603166146e+01
-1.840000000000069846e+01 5.663923783493373776e+01
-1.800000000000289901e+01 5.612724352728400845e+01
-1.760000000000150067e+01 5.559618756627969560e+01
-1.719999999999999929e+01 5.505221486313166679e+01
-1.680000000000219984e+01 5.449079008463377249e+01
-1.640000000000069846e+01 5.391035416963131865e+01
-1.600000000000289901e+01 5.331996526698276284e+01
-1.560000000000150067e+01 5.270718236538232304e+01
-1.519999999999999929e+01 5.207715818922952167e+01
-1.480000000000219984e+01 5.142964656318144989e+01
-1.440000000000070024e+01 5.076598147008189699e+01
-1.400000000000290079e+01 5.007732061813294422e+01
-1.360000000000150067e+01 4.937150423058119486e+01
-1.319999999999999929e+01 4.864907623273393256e+01
-1.280000000000219984e+01 4.790346493573088082e+01
-1.240000000000070024e+01 4.713462531128243427e+01
-1.200000000000290079e+01 4.634092549078195589e+01
-1.160000000000150067e+01 4.552546880128284101e+01
-1.119999999999999929e+01 4.468104595593104023e+01
-1.080000000000219984e+01 4.381547913968461216e+01
-1.040000000000070024e+01 4.292056965113079059e+01
-1.000000000000290079e+01 4.197753391780133825e+01
-9.600000000001449152e+00 4.102604989000246860e+01
-9.199999999999999289e+00 4.004231933340270189e+01
-8.800000000002180300e+00 3.902314354789996287e+01
-8.400000000000730438e+00 3.797242329830260132e+01
-8.000000000002909673e+00 3.689125520210291143e+01
-7.600000000001459810e+00 3.576901871910013142e+01
-7.200000000000000178e+00 3.460483021930122050e+01
-6.800000000002180300e+00 3.340125451000130852e+01
-6.400000000000730438e+00 3.215334036490094149e+01
-6.000000000002909673e+00 3.085786800589994527e+01
-5.600000000001459810e+00 2.950813850580016151e+01
-5.200000000000000178e+00 2.811023629500050447e+01
-4.800000000002180300e+00 2.664746937340169097e+01
-4.400000000000730438e+00 2.512554652030303259e+01
-4.000000000002909673e+00 2.353221905670216074e+01
-3.600000000001459810e+00 2.186558015710033942e+01
-3.200000000000000178e+00 2.010702042510092724e+01
-2.800000000002179856e+00 1.825270388210265082e+01
-2.400000000000729994e+00 1.629528384900186211e+01
-2.000000000002910117e+00 1.419821196650082129e+01
-1.600000000001460032e+00 1.195754327860049671e+01
-1.199999999999999956e+00 9.504866902600042522e+00
-8.000000000021829649e-01 6.803094828203029465e+00
-4.000000000007279954e-01 3.729743469000823097e+00
-2.910387209009709878e-12 0.000000000000000000e+00
